              precision    recall  f1-score   support

           A       0.99      0.87      0.93       400
           B       0.94      0.99      0.97       400
           C       0.96      1.00      0.98       400
           D       0.99      0.98      0.99       400
           E       1.00      0.94      0.97       400
           F       1.00      0.90      0.95       400
           G       0.97      1.00      0.99       400
           H       0.98      1.00      0.99       400
           I       0.99      0.98      0.99       400
           K       1.00      0.99      0.99       400
           L       0.99      1.00      0.99       400
           M       0.96      0.98      0.97       400
           N       1.00      0.95      0.97       400
           O       0.94      1.00      0.97       400
           P       0.97      0.99      0.98       400
           Q       0.99      0.97      0.98       400
           R       0.93      1.00      0.97       400
           S       0.89      0.99      0.94       400
           T       1.00      0.98      0.99       400
           U       0.95      0.92      0.93       400
           V       1.00      0.95      0.98       400
           W       1.00      0.98      0.99       400
           X       0.96      1.00      0.98       400
           Y       1.00      1.00      1.00       400

    accuracy                           0.97      9600
   macro avg       0.97      0.97      0.97      9600
weighted avg       0.97      0.97      0.97      9600
